16
5
-2
8
0
-14
-5
-1
-13
-6
8
1
0
14
10
-2
5
5
-11
-10
0
-10
-11
5
5
-2
10
14
0
1
8
-6
-13
-1
-5
-14
0
8
-2
5
16
5
-2
8
0
-14
-5
-1
-13
-6
8
1
0
14
10
-2
5
5
-11
-10
0
-10
-11
5
5
-2
10
14
0
1
8
-6
-13
-1
-5
-14
0
8
-2
5
16
5
-2
8
0
-14
-5
-1
-13
-6
8
1
0
14
10
-2
5
5
-11
-10
0
-10
-11
5
5
-2
10
14
0
1
8
-6
-13
-1
-5
-14
0
8
-2
5
16
5
-2
8
0
-14
-5
-1
-13
-6
8
1
0
14
10
-2
5
5
-11
-10
0
-10
-11
5
5
-2
10
14
0
1
8
-6
-13
-1
-5
-14
0
8
-2
5
16
5
-2
8
0
-14
-5
-1
-13
-6
8
1
0
14
10
-2
5
5
-11
-10
0
-10
-11
5
5
-2
10
14
0
1
8
-6
-13
-1
-5
-14
0
8
-2
5
