32
23
0
-23
-32
-23
0
23
32
23
0
-23
-32
-23
0
23
32
23
0
-23
-32
-23
0
23
32
23
1
-22
-32
-24
-4
19
31
28
11
-11
-28
-31
-21
0
20
31
28
12
-9
-27
-32
-23
-3
18
31
30
15
-6
-25
-32
-24
-5
16
30
29
13
-11
-29
-30
-13
13
30
27
5
-21
-32
-21
5
27
30
13
-13
-30
-29
-11
13
29
30
16
-5
-24
-32
-24
-5
16
30
29
13
-11
-29
-30
-13
13
30
27
5
-21
-32
-20
6
28
30
9
-18
-32
-23
3
27
31
12
-15
-31
-25
0
24
32
16
-10
-29
-29
-11
14
30
29
13
-10
-27
-32
-21
0
21
32
27
10
-13
-29
-30
-14
11
29
29
10
-16
-32
-24
0
24
32
16
-10
-29
-29
-11
14
30
29
13
-10
-27
-32
-21
0
20
31
28
12
-9
-27
-32
-23
-3
18
31
30
15
-6
-25
-32
-24
-5
16
30
29
13
-11
-29
-30
-13
13
30
27
5
-21
-32
-21
5
27
30
13
-13
-30
-29
-11
13
29
30
16
-5
-24
-32
-25
-6
15
30
31
18
-3
-23
-32
-27
-9
12
28
31
20
0
-20
-31
-28
-12
9
27
32
23
3
-18
-31
-30
-15
6
25
32
24
5
-16
-30
-29
-13
11
29
30
13
-13
-30
-27
-5
21
32
21
-5
-27
-30
-13
13
30
29
11
-13
-29
-30
-16
5
24
32
24
5
-16
-30
-29
-13
11
29
30
13
-13
-30
-27
-5
21
32
21
-5
-27
-30
-13
13
30
29
11
-13
-29
-30
-16
5
24
32
24
5
-16
-30
-29
-13
11
29
30
13
-13
-30
-27
-5
21
32
21
-5
-27
-30
-13
13
30
29
11
-13
-29
-30
-16
5
24
32
25
6
-15
-30
-31
-18
3
23
32
27
9
-12
-28
-31
-20
0
21
32
27
10
-13
-29
-30
-14
11
29
29
10
-16
-32
-24
0
25
31
15
-12
-31
-27
-3
23
32
18
-9
-30
-28
-6
20
32
20
-6
-28
-30
-9
18
32
23
-3
-27
-31
-12
15
31
25
0
-24
-32
-16
10
29
29
11
-14
-30
-29
-13
10
27
32
21
0
-21
-32
-27
-10
13
29
30
14
-11
-29
-29
-10
16
32
24
0
-24
-32
-16
10
29
29
11
-14
-30
-29
-13
10
27
32
21
0
-20
-31
-28
-12
9
27
32
23
3
-18
-31
-30
-15
6
25
32
25
6
-15
-30
-31
-18
3
23
32
27
9
-12
-28
-31
-20
0
20
31
28
12
-9
-27
-32
-23
-3
18
31
30
15
-6
-25
-32
-24
-5
16
30
29
13
-11
-29
-30
-13
13
30
27
5
-21
-32
-20
6
28
30
9
-18
-32
-23
3
27
31
12
-15
-31
-25
0
24
32
16
-10
-29
-29
-11
14
30
29
13
-10
-27
-32
-21
0
20
31
28
12
-9
-27
-32
-23
-3
18
31
30
15
-6
-25
-32
-24
-5
16
30
29
13
-11
-29
-30
-13
13
30
27
5
-21
-32
-20
6
28
30
9
-18
-32
-23
3
27
31
12
-15
-31
-25
0
24
32
16
-10
-29
-29
-11
14
30
29
13
-10
-27
-32
-21
0
20
31
28
12
-9
-27
-32
-23
-3
18
31
30
15
-6
-25
-32
-24
-5
16
30
29
13
-11
-29
-30
-13
13
30
27
5
-21
-32
-21
5
27
30
13
-13
-30
-29
-11
13
29
30
16
-5
-24
-32
-25
-6
15
30
31
18
-3
-23
-32
-27
-9
12
28
31
20
0
-21
-32
-27
-10
13
29
30
14
-11
-29
-29
-10
16
32
24
0
-25
-31
-15
12
31
27
3
-23
-32
-18
9
30
28
6
-20
-32
-20
6
28
30
9
-18
-32
-23
3
27
31
12
-15
-31
-25
0
24
32
16
-10
-29
-29
-11
14
30
29
13
-10
-27
-32
-21
0
20
31
28
12
-9
-27
-32
-23
-3
18
31
30
15
-6
-25
-32
-24
-5
16
30
29
13
-11
-29
-30
-13
13
30
27
5
-21
-32
-21
5
27
30
13
-13
-30
-29
-11
13
29
30
16
-5
-24
-32
-25
-6
15
30
31
18
-3
-23
-32
-27
-9
12
28
31
20
0
-21
-32
-27
-10
13
29
30
14
-11
-29
-29
-10
16
32
24
0
-24
-32
-16
10
29
29
11
-14
-30
-29
-13
10
27
32
21
0
-21
-32
-27
-10
13
29
30
14
-11
-29
-29
-10
16
32
24
0
-24
-32
-16
10
29
29
11
-14
-30
-29
-13
10
27
32
21
0
-20
-31
-28
-12
9
27
32
23
3
-18
-31
-30
-15
6
25
32
25
6
-15
-30
-31
-18
3
23
32
27
9
-12
-28
-31
-20
0
21
32
27
10
-13
-29
-30
-14
11
29
29
10
-16
-32
-24
0
24
32
16
-10
-29
-29
-11
14
30
29
13
-10
-27
-32
-21
0
21
32
27
10
-13
-29
-30
-14
11
29
29
10
-16
-32
-24
0
24
32
16
-10
-29
-29
-11
14
30
29
13
-10
-27
-32
-21
0
21
32
27
10
-13
-29
-30
-14
11
29
29
10
-16
-32
-24
0
24
32
16
-10
-29
-29
-11
14
30
29
13
-10
-27
-32
-21
0
21
32
27
10
-13
-29
-30
-14
11
29
29
10
-16
-32
-24
0
25
31
15
-12
-31
-27
-3
23
32
18
-9
-30
-28
-6
20
32
21
-5
-27
-30
-13
13
30
29
11
-13
-29
-30
-16
5
24
32
25
6
-15
-30
-31
-18
3
23
32
27
9
-12
-28
-31
-20
0
21
32
27
10
-13
-29
-30
-14
11
29
29
10
-16
-32
-24
0
25
31
15
-12
-31
-27
-3
23
32
18
-9
-30
-28
-6
20
32
21
-5
-27
-30
-13
13
30
29
11
-13
-29
-30
-16
5
24
32
24
5
-16
-30
-29
-13
11
29
30
13
-13
-30
-27
-5
21
32
20
-6
-28
-30
-9
18
32
23
-3
-27
-31
-12
15
31
25
0
-24
-32
-16
10
29
29
11
-14
-30
-29
-13
10
27
32
21
0
-21
-32
-27
-10
13
29
30
14
-11
-29
-29
-10
16
32
24
0
-24
-32
-16
10
29
29
11
-14
-30
-29
-13
10
27
32
21
0
-20
-31
-28
-12
9
27
32
23
3
-18
-31
-30
-15
6
25
32
25
6
-15
-30
-31
-18
3
23
32
27
9
-12
-28
-31
-20
0
20
31
28
12
-9
-27
-32
-23
-3
18
31
30
15
-6
-25
-32
-24
-5
16
30
29
13
-11
-29
-30
-13
13
30
27
5
-21
-32
-21
5
27
30
13
-13
-30
-29
-11
13
29
30
16
-5
-24
-32
-24
-5
16
30
29
13
-11
-29
-30
-13
13
30
27
5
-21
-32
-20
6
28
30
9
-18
-32
-23
3
27
31
12
-15
-31
-25
0
25
31
15
-12
-31
-27
-3
23
32
18
-9
-30
-28
-6
20
32
21
-5
-27
-30
-13
13
30
29
11
-13
-29
-30
-16
5
24
32
25
6
-15
-30
-31
-18
3
23
32
27
9
-12
-28
-31
-20
0
21
32
27
10
-13
-29
-30
-14
11
29
29
10
-16
-32
-24
0
25
31
15
-12
-31
-27
-3
23
32
18
-9
-30
-28
-6
20
32
20
-6
-28
-30
-9
18
32
23
-3
-27
-31
-12
15
31
25
0
-24
-32
-16
10
29
29
11
-14
-30
-29
-13
10
27
32
21
0
-20
-31
-28
-12
9
27
32
23
3
-18
-31
-30
-15
6
25
32
25
6
-15
-30
-31
-18
3
23
32
27
9
-12
-28
-31
-20
0
20
31
28
12
-9
-27
-32
-23
-3
18
31
30
15
-6
-25
-32
-25
-6
15
30
31
18
-3
-23
-32
-27
-9
12
28
31
20
0
-20
-31
-28
-12
9
27
32
23
3
-18
-31
-30
-15
6
25
32
24
5
-16
-30
-29
-13
11
29
30
13
-13
-30
-27
-5
21
32
21
-5
-27
-30
-13
13
30
29
11
-13
-29
-30
-16
5
24
32
24
5
-16
-30
-29
-13
11
29
30
13
-13
-30
-27
-5
21
32
21
-5
-27
-30
-13
13
30
29
11
-13
-29
-30
-16
5
24
32
24
5
-16
-30
-29
-13
11
29
30
13
-13
-30
-27
-5
21
32
20
-6
-28
-30
-9
18
32
23
-3
-27
-31
-12
15
31
25
0
-25
-31
-15
12
31
27
3
-23
