2
0.625
-0.25
1
0
-1.75
-0.625
-0.125
-1.625
-0.75
1
0.125
0
1.75
1.25
-0.25
0.625
0.625
-1.375
-1.25
0
-1.25
-1.375
0.625
0.625
-0.25
1.25
1.75
0
0.125
1
-0.75
-1.625
-0.125
-0.625
-1.75
0
1
-0.25
0.625
2
0.625
-0.25
1
0
-1.75
-0.625
-0.125
-1.625
-0.75
1
0.125
0
1.75
1.25
-0.25
0.625
0.625
-1.375
-1.25
0
-1.25
-1.375
0.625
0.625
-0.25
1.25
1.75
0
0.125
1
-0.75
-1.625
-0.125
-0.625
-1.75
0
1
-0.25
0.625
2
0.625
-0.25
1
0
-1.75
-0.625
-0.125
-1.625
-0.75
1
0.125
0
1.75
1.25
-0.25
0.625
0.625
-1.375
-1.25
0
-1.25
-1.375
0.625
0.625
-0.25
1.25
1.75
0
0.125
1
-0.75
-1.625
-0.125
-0.625
-1.75
0
1
-0.25
0.625
2
0.625
-0.25
1
0
-1.75
-0.625
-0.125
-1.625
-0.75
1
0.125
0
1.75
1.25
-0.25
0.625
0.625
-1.375
-1.25
0
-1.25
-1.375
0.625
0.625
-0.25
1.25
1.75
0
0.125
1
-0.75
-1.625
-0.125
-0.625
-1.75
0
1
-0.25
0.625
2
0.625
-0.25
1
0
-1.75
-0.625
-0.125
-1.625
-0.75
1
0.125
0
1.75
1.25
-0.25
0.625
0.625
-1.375
-1.25
0
-1.25
-1.375
0.625
0.625
-0.25
1.25
1.75
0
0.125
1
-0.75
-1.625
-0.125
-0.625
-1.75
0
1
-0.25
0.625
