0
0
0.875
-0.875
-0.375
1
-0.25
-0.75
0.75
0.375
-1
0.25
0.875
-0.625
-0.375
0.875
-0.25
-0.75
0.75
0.375
-0.875
0.25
0.875
-0.75
-0.25
0.875
-0.25
-0.875
0.75
0.375
-0.875
0.25
0.75
-0.75
-0.25
0.875
-0.25
-0.875
0.75
0.375
-1
0.25
0.75
-0.75
-0.375
1
-0.125
-0.875
0.75
0.375
-1
0.25
0.875
-0.625
-0.375
0.875
-0.25
-0.75
0.75
0.375
-0.875
0.25
0.875
-0.75
-0.25
0.875
-0.25
-0.875
0.75
0.375
-0.875
0.25
0.75
-0.75
-0.25
0.875
-0.25
-0.875
0.75
0.375
-1
0.25
0.75
-0.75
-0.375
1
-0.125
-0.875
0.75
0.375
-1
0.25
0.875
-0.625
-0.375
0.875
-0.25
-0.75
0.75
0.375
-0.875
0.25
0.875
-0.75
-0.25
0.875
-0.25
-0.875
0.75
0.375
-0.875
0.25
0.75
-0.75
-0.25
0.875
-0.25
-0.875
0.75
0.375
-1
0.25
0.75
-0.75
-0.375
1
-0.125
-0.875
0.75
0.375
-1
0.25
0.875
-0.625
-0.375
0.875
-0.25
-0.75
0.75
0.375
-0.875
0.25
0.875
-0.75
-0.25
0.875
-0.25
-0.875
0.75
0.375
-0.875
0.25
0.75
-0.75
-0.25
0.875
-0.25
-0.875
0.75
0.375
-1
0.25
0.75
-0.75
-0.375
1
-0.125
-0.875
0.75
0.375
-1
0.25
0.875
-0.625
-0.375
0.875
-0.25
-0.75
0.75
0.375
-0.875
0.25
0.875
-0.75
-0.25
0.875
-0.25
-0.875
0.75
0.375
-0.875
0.25
0.75
-0.75
-0.25
0.875
-0.25
-0.875
0.75
0.375
